1;2019-04-04;MSS;botnia;6;6;7;9;9;10;12;12;13;15;15;16;18;18;19;21;21;22;24;24;25;27;27;28;30;30;31;33;33;34;36;36;37;39;39;40;42;42;43;45;45;46;48;48;49;51;51;52;54;54;55;57;57;58
2;2019-01-02;Jokerit;botnia;6;6;7;9;9;10;12;12;13;15;15;16;18;18;19;21;21;22;24;24;25;27;27;28
3;2019-01-05;Jokerit2;ifk
4;2018-10-10;Kärpät;botnia;6;6;7;9;9;10;12;12;13;15;15;16;18;18;19;21;21;22;24;24;25
5;2018-10-10;KärpätB;botnia;6;6;7;9;9;10;12;12;13;15;15;16
6;2019-03-02;HPK;botnia;6;6;7;9;9;10;12;12;13;15;15;16
7;2019-01-02;Ilves;botnia
8;2019-12-09;Säbäjonnet;botnia;6;6;7;9;9;10;12;12;13;15;15;16;18;18;19;21;21;22
9;2019-10-11;Jokerit;botnia
10;2919191222;reee;botnia;6;6;7;9;9;10;12;12;13;15;15;16
11;1234567890;yyy;botnia
12;2019-19-11;jeesus;botnia;6;6;7;9;9;10;12;12;13;15;15;16;18;18;19;21;21;22;24;24;25;27;27;28
13;2019-20-11;1112e;botnia;6;6;7;9;9;10;12;12;13;15;15;16;18;18;19
14;2019-11-11;rööö;botnia
15;2019-22-11;eere;botnia
16;2019-11-11;eeww;botnia;G;220;206;G;301;367;G;178;598;G;389;599;G;207;426;M;400;243;M;274;293;M;237;293
17;2018-11-32;qqeee;botnia;G;232;258;G;319;399;G;233;529;G;364;239;B;121;316;B;224;388;B;344;314
